9.699775692731575916e+00
7.160263959956740365e+00
1.175741467532326823e+01
7.316523524609060303e+00
1.760979420819424845e+01
6.243224434824110602e+00
7.647607789091602548e+00
8.115101057411935770e+00
8.752737021753118185e+00
6.352682928397215711e+00
5.439242621165277569e+00
6.746176255440978764e+00
8.243556961039253395e+00
9.515552886918504427e+00
9.069791283000402160e+00
9.597035757252077914e+00
8.700020961442398004e+00
1.246835907188629733e+01
9.111119600762515702e+00
9.516556262235654984e+00
7.470353563559394061e+00
1.112803915888337336e+01
8.383151332054117333e+00
6.989117016448100017e+00
6.067262137919383846e+00
5.829629326545772372e+00
1.479423411710641645e+01
6.122478573530828250e+00
1.411137742377366244e+01
5.408051146832682399e+00
9.768909523773485759e+00
7.961789589054021121e+00
7.638110712111280343e+00
1.116034274510025881e+01
1.040671802493031173e+01
1.257736147605644028e+01
8.412957719929803346e+00
6.821166432414272229e+00
1.024060281193510846e+01
5.735202545142327857e+00
4.689127731830874168e+00
1.254243902119224607e+01
6.622650272188507437e+00
8.745512105130554659e+00
1.508987202565623242e+01
1.030698949356455962e+01
1.007614533431246961e+01
7.439114013560067740e+00
8.166137006777292484e+00
1.191364770096992842e+01
7.634814727558005387e+00
9.093900624963779933e+00
9.998191643629635195e+00
6.385847235687220014e+00
1.352176365379570022e+01
7.666330548419366231e+00
6.857405480527467567e+00
1.022101691980593152e+01
9.576474881357423641e+00
9.912078970119697630e+00
7.277457034413684411e+00
7.945660712666604120e+00
1.395843468335930382e+01
6.581267568301194082e+00
1.623773058881437237e+01
6.479121593817570357e+00
8.435338743585251819e+00
5.680585723160080036e+00
1.308622144493080519e+01
8.394453980745618438e+00
5.729224050375539612e+00
1.417381978504164941e+01
7.921769774088491367e+00
1.042816391630606176e+01
1.309047323565242671e+01
1.371266825860892702e+01
5.910798731179345289e+00
1.220294906080414954e+01
7.028521909706634041e+00
7.017086711157547896e+00
1.089318550290447440e+01
1.105910812697268319e+01
1.493090420543816066e+01
4.910394936731571569e+00
4.903342678972294699e+00
7.909417825487032871e+00
1.986338101884173568e+01
4.036784574780632795e+00
1.574470643682182747e+01
9.183650353141560529e+00
6.070247186454124311e+00
7.016473938792365139e+00
7.701829334666141946e+00
5.919138316481085127e+00
1.500206510354830414e+01
7.357094383448947283e+00
9.161447003148945001e+00
9.063317070568032818e+00
8.827898296071921891e+00
1.539500508415187063e+01
9.939479324666217863e+00
1.771416288027269204e+01
1.105537561426318405e+01
1.215386218883846858e+01
9.245568809403190258e+00
4.308633710527953298e+00
8.839964815931084630e+00
6.845672025119355908e+00
8.594425052856411895e+00
1.027074203740704661e+01
7.998652799905678457e+00
1.007678780046633271e+01
6.302883602471494484e+00
9.912328383703160384e+00
1.330086553322596288e+01
1.760756539577000623e+01
1.372435490521564816e+01
1.204813224835220531e+01
7.761132382847433675e+00
9.857796784885497487e+00
9.153037898497361269e+00
1.106102809392590558e+01
6.018163296684332586e+00
8.904693366496513107e+00
6.143463749642885219e+00
1.290414086988641351e+01
1.239960482706774769e+01
1.365955036843034698e+01
9.134428405416631591e+00
7.484655909594050804e+00
5.134074669458169815e+00
6.233559803819823664e+00
6.011666856744945164e+00
1.483442246867075909e+01
9.506144881782836009e+00
1.275499984526065234e+01
1.680363195709335855e+01
7.101982727827548025e+00
1.025659484710312519e+01
1.213352472761358314e+01
1.348114401894619796e+01
1.039468613312083534e+01
1.453076480261313641e+01
1.052554287507986253e+01
1.769581405519069861e+01
9.421139064369763005e+00
1.531010715200864958e+01
1.213298507285156091e+01
5.416087196412235016e+00
8.871958532332419267e+00
8.416329047071602787e+00
9.025806031738420998e+00
1.506986612822763938e+01
1.249695268983409768e+01
1.201316300621897071e+01
6.843809852158143414e+00
7.605990487536349320e+00
7.979663522359957462e+00
4.942257269626312066e+00
5.307516259013930870e+00
4.711902202588225563e+00
9.163826837873676467e+00
9.051527965410489429e+00
8.141231548691823861e+00
7.420807606127267420e+00
1.147941741903869328e+01
1.475440294971201460e+01
7.802379426310475097e+00
1.118322598461990047e+01
1.078783499480247521e+01
1.537414368627814198e+01
1.001691810156637530e+01
5.331098979178017672e+00
1.149806639996080726e+01
1.585390227879929981e+01
5.948177914331759908e+00
1.659853708683049334e+01
1.283577060471348474e+01
6.146057465202932057e+00
9.223657129251751741e+00
1.491888977898384816e+01
1.398038278548211366e+01
1.026575786289257586e+01
6.654912881158923099e+00
9.984429634400578735e+00
8.798221773089389686e+00
9.074397416614603529e+00
8.457249217530591778e+00
7.898828024139006310e+00
5.374459397436772257e+00
1.030041538480046981e+01
1.367533308747480270e+01
6.885148064621272823e+00
5.891259236554546419e+00
6.601972571091223152e+00
6.956383304807944867e+00
1.234391972506273660e+01
1.143416821074968404e+01
1.137502427308523778e+01
1.283635615853630441e+01
5.647254744731285747e+00
4.334499271715495539e+00
5.717686112567795576e+00
8.874415754688021352e+00
9.028022531863976852e+00
6.829508486484795249e+00
9.974421746348410167e+00
7.051610887061348087e+00
7.625326545944365542e+00
6.807845157081104048e+00
1.034727053418426124e+01
5.828799829335557625e+00
6.850221320760111254e+00
7.776236209011608835e+00
4.990838371560204045e+00
8.995276788257895006e+00
4.974308540208731699e+00
8.448694070057609196e+00
5.231698515354452184e+00
6.649557693017196236e+00
9.244244654879318901e+00
1.418171132770727993e+01
1.225031350473263103e+01
8.444092278914711258e+00
7.541999182241774236e+00
1.109094918499389593e+01
1.149033376932653638e+01
8.287325705571529255e+00
6.308781551155003164e+00
1.095916025157397478e+01
8.715062816459337114e+00
6.480544282696464542e+00
1.121319631747860512e+01
1.188262187090195354e+01
5.689930998036193621e+00
8.548615896797178593e+00
6.027733818773128860e+00
1.101516016052270608e+01
1.009488172615866475e+01
1.890571970917578426e+01
9.387201473472122970e+00
6.425033551049989633e+00
9.817637322626479701e+00
8.854914417006972016e+00
1.087511547955893576e+01
1.111005010971656937e+01
9.037215719122526636e+00
6.753907196974388683e+00
1.191425991551980523e+01
9.627533699110534471e+00
