#FIG 3.2
Landscape
Center
Inches
Letter  
100.00
Single
-2
1200 2
6 6600 4125 6750 4275
2 1 0 1 0 7 50 0 -1 0.000 0 0 -1 0 0 2
	 6600 4125 6750 4275
2 1 0 1 0 7 50 0 -1 0.000 0 0 -1 0 0 2
	 6600 4275 6750 4125
-6
6 3300 6675 3450 6825
2 1 0 1 0 7 50 0 -1 0.000 0 0 -1 0 0 2
	 3300 6675 3450 6825
2 1 0 1 0 7 50 0 -1 0.000 0 0 -1 0 0 2
	 3300 6825 3450 6675
-6
6 1650 6675 1800 6825
2 1 0 1 0 7 50 0 -1 0.000 0 0 -1 0 0 2
	 1650 6675 1800 6825
2 1 0 1 0 7 50 0 -1 0.000 0 0 -1 0 0 2
	 1650 6825 1800 6675
-6
6 4725 3975 4875 4125
2 1 0 1 0 7 50 0 -1 0.000 0 0 -1 0 0 2
	 4725 3975 4875 4125
2 1 0 1 0 7 50 0 -1 0.000 0 0 -1 0 0 2
	 4725 4125 4875 3975
-6
6 5700 3150 5850 3300
2 1 0 1 0 7 50 0 -1 0.000 0 0 -1 0 0 2
	 5700 3150 5850 3300
2 1 0 1 0 7 50 0 -1 0.000 0 0 -1 0 0 2
	 5700 3300 5850 3150
-6
1 3 0 1 0 0 50 0 41 0.000 1 0.0000 2920 6123 44 44 2920 6123 2958 6146
1 3 0 1 0 0 50 0 41 0.000 1 0.0000 6123 3528 44 44 6123 3528 6161 3551
1 3 0 1 0 0 50 0 41 0.000 1 0.0000 6100 3557 44 44 6100 3557 6138 3580
1 3 0 1 0 0 50 0 41 0.000 1 0.0000 5073 4383 44 44 5073 4383 5111 4406
1 3 0 1 0 0 50 0 41 0.000 1 0.0000 1870 6970 44 44 1870 6970 1908 6993
2 1 0 1 0 7 50 0 -1 0.000 0 0 -1 0 0 2
	 7200 5100 1200 5100
2 1 0 1 0 7 50 0 -1 0.000 0 0 -1 0 0 2
	 4200 8100 4200 2100
2 1 0 1 0 7 50 0 -1 0.000 0 0 -1 0 0 2
	 1497 7271 6897 2921
2 1 1 1 0 0 50 0 41 4.000 0 0 -1 0 0 2
	 1735 6768 1878 6970
2 1 1 1 0 0 50 0 41 4.000 0 0 -1 0 0 2
	 2928 6130 3378 6760
2 1 1 1 0 0 50 0 41 4.000 0 0 -1 0 0 2
	 5793 3235 6093 3573
2 1 1 1 0 0 50 0 41 4.000 0 0 -1 0 0 2
	 6685 4210 6123 3535
2 1 1 1 0 0 50 0 41 4.000 0 0 -1 0 0 2
	 4803 4060 5073 4383
