#FIG 3.2
Landscape
Center
Inches
Letter  
100.00
Single
-2
1200 2
6 6600 4125 6750 4275
2 1 0 1 0 7 50 0 -1 0.000 0 0 -1 0 0 2
	 6600 4125 6750 4275
2 1 0 1 0 7 50 0 -1 0.000 0 0 -1 0 0 2
	 6600 4275 6750 4125
-6
6 3300 6675 3450 6825
2 1 0 1 0 7 50 0 -1 0.000 0 0 -1 0 0 2
	 3300 6675 3450 6825
2 1 0 1 0 7 50 0 -1 0.000 0 0 -1 0 0 2
	 3300 6825 3450 6675
-6
6 1650 6675 1800 6825
2 1 0 1 0 7 50 0 -1 0.000 0 0 -1 0 0 2
	 1650 6675 1800 6825
2 1 0 1 0 7 50 0 -1 0.000 0 0 -1 0 0 2
	 1650 6825 1800 6675
-6
6 4725 3975 4875 4125
2 1 0 1 0 7 50 0 -1 0.000 0 0 -1 0 0 2
	 4725 3975 4875 4125
2 1 0 1 0 7 50 0 -1 0.000 0 0 -1 0 0 2
	 4725 4125 4875 3975
-6
6 5700 3150 5850 3300
2 1 0 1 0 7 50 0 -1 0.000 0 0 -1 0 0 2
	 5700 3150 5850 3300
2 1 0 1 0 7 50 0 -1 0.000 0 0 -1 0 0 2
	 5700 3300 5850 3150
-6
1 3 0 1 0 0 50 0 41 0.000 1 0.0000 3963 4795 44 44 3963 4795 4001 4818
1 3 0 1 0 0 50 0 41 0.000 1 0.0000 4068 4938 44 44 4068 4938 4106 4961
1 3 0 1 0 0 50 0 41 0.000 1 0.0000 3985 4840 44 44 3985 4840 4023 4863
1 3 0 1 0 0 50 0 41 0.000 1 0.0000 4803 5853 44 44 4803 5853 4841 5876
1 3 0 1 0 0 50 0 41 0.000 1 0.0000 4645 5658 44 44 4645 5658 4683 5681
2 1 0 1 0 7 50 0 -1 0.000 0 0 -1 0 0 2
	 7200 5100 1200 5100
2 1 0 1 0 7 50 0 -1 0.000 0 0 -1 0 0 2
	 4200 8100 4200 2100
2 1 1 1 0 0 50 0 41 4.000 0 0 -1 0 0 2
	 1735 6768 4060 4930
2 1 1 1 0 0 50 0 41 4.000 0 0 -1 0 0 2
	 4645 5665 3378 6760
2 1 1 1 0 0 50 0 41 4.000 0 0 -1 0 0 2
	 5793 3235 3978 4840
2 1 1 1 0 0 50 0 41 4.000 0 0 -1 0 0 2
	 6685 4210 4803 5860
2 1 1 1 0 0 50 0 41 4.000 0 0 -1 0 0 2
	 4803 4060 3955 4803
2 1 0 1 0 7 50 0 -1 0.000 0 0 -1 0 0 2
	 5343 6520 3066 3683
