6.883937272190075729e-02
5.602416239985200663e-01
3.243537450218448859e-01
5.848447829111183549e-02
4.175517631427108078e-01
1.239023807567078556e-01
9.872933054100159200e-01
2.519612509135565337e-01
4.193340659262353998e-02
2.304127210724679076e-01
8.128857749990612280e-01
6.210078789622212186e-02
1.540195478206457247e-01
2.117166513048778786e-01
8.635066076855519857e-01
5.148282265251156314e-02
2.490627124570497508e-01
4.584875785217671362e-01
8.721957239096184145e-01
1.621044780415445141e-01
2.106486045220894998e-01
3.454002193711529223e-02
2.882705238518093460e-01
5.169235313706294077e-01
1.162629711705088914e-01
3.715151804920884260e-01
2.952958704905690457e-01
2.485324575056256299e-02
2.175873285120865849e-02
1.384153359172601294e-01
3.369385957066953208e-02
8.888053277546560660e-02
3.196613427152858455e-02
2.665703443298296227e-01
8.088768495802263203e-01
4.777425571715208097e-01
6.244027967651534505e-02
7.427454205485545247e-01
1.283801225900418896e-01
4.311938944833196286e-02
2.877462502924831300e-01
6.862624637447339859e-01
8.814429929952090348e-02
9.594477591390293547e-02
7.572640015444284112e-01
3.472130695899872110e-02
2.258390393794534323e-01
7.910966305587800729e-02
6.193535640963260258e-02
3.649412180473803891e-01
9.452745880556391311e-01
2.546063673622524504e-01
8.967044614478917319e-01
5.992444832232903806e-01
6.328756586138576390e-01
9.332731042839004232e-01
4.622048027975221851e-01
4.023340062650376248e-01
6.403028259088131557e-01
8.162532757289405749e-01
8.167173501458346863e-01
7.061522998874836254e-01
1.867620570345351894e-01
9.125370429465667899e-01
8.545579620364824880e-01
7.976761831496923527e-01
7.882652657760818027e-01
8.869606653396258089e-01
4.725732048558302090e-01
8.451869202898147915e-01
9.642785741984865044e-01
3.772555961944621949e-01
6.645312261205993387e-01
5.553966726827979095e-01
7.811332493201129656e-01
9.052159131313420870e-01
8.830093959024406525e-01
6.446565862441955286e-01
9.507066988048296086e-01
3.103460926138636999e-01
1.659922431925724695e-01
9.924846098399421335e-01
8.283642094570994319e-01
9.169060653881597744e-01
6.180552885921334338e-01
8.433156151845172532e-01
8.267252943901909346e-01
6.781729877784862248e-01
7.441550823592970598e-01
9.697712341815527548e-01
3.006864592199105513e-01
6.045700836567255987e-01
5.720228145250314533e-01
6.429795392108866858e-01
7.547487765921460090e-01
6.889427896822283293e-01
7.382742697227888673e-01
7.189431605869581743e-01
9.430509415648383742e-01
5.091865690887615870e-01
