1.848306893780246873e-01
1.192450720634076339e-01
1.189712929491867494e-01
1.211500653827104618e-01
9.467679615567088369e-01
9.174531328984786294e-01
3.078596142630969368e-01
9.128486165392994331e-03
2.257177104594695061e-01
1.869369193967626297e-01
1.696035565707876558e-01
1.180880901474078148e-01
8.282027591121144949e-01
9.060882433036181183e-02
8.550646715511777129e-01
3.836658433300563220e-02
2.879826077937044926e-01
1.517927009833691110e-01
2.689205888778686271e-01
6.145884920302765314e-02
1.429994316902477303e-01
2.214818521096815485e-01
1.207313504432915713e-01
4.368658930077157915e-02
2.179432525311113533e-01
2.188780971228490302e-01
3.747429602706328633e-01
9.524493890575745636e-02
9.641411146109141184e-02
1.135007819455974842e-01
4.103868992253467129e-01
5.778125545351300296e-01
6.733223636827397052e-02
1.820762115212604115e-01
7.256597699452746464e-02
2.904645814219330990e-01
3.636137762747836955e-01
2.802502511413161868e-01
1.026729874708122020e-01
1.749777607179140576e-02
2.265624627102292843e-01
6.747018088376033340e-02
2.002202322923612166e-01
3.132809662606830248e-01
8.817433075682987176e-02
2.200508297993049589e-01
2.528357819551929064e-01
3.614023538979871386e-02
1.414444893343298482e-01
1.551589317912078769e-01
9.328551289882009989e-01
7.366555390631300826e-01
7.835301566609517154e-01
8.623647513262211461e-01
5.896458689607461112e-01
8.485572502130928063e-01
9.129889411090924556e-01
6.715611693869903975e-01
6.505000945937832180e-01
9.569874909625065706e-01
8.985210274633924632e-01
4.193474059242885965e-01
9.779993334920199510e-01
6.778968996109353551e-01
5.147011927578297730e-01
9.799013148168052023e-01
9.536337851019004441e-01
8.127704321897623041e-01
9.030667569405493866e-01
4.248884043880208905e-01
6.252247593330083619e-01
4.761907478278684103e-01
3.454961967297776049e-01
9.851965884042054311e-01
2.578541695526712640e-01
8.494738723163923755e-01
8.250470913467057299e-01
7.255325389972318018e-01
8.268815094811064748e-02
7.655216678135740027e-01
7.584590954516292616e-01
8.919152259858220688e-01
8.956204013609363468e-01
9.635357530538808390e-01
7.657068368156234595e-01
9.554915251733808734e-01
9.957761445775151765e-01
4.074284287812929284e-01
9.813931154087276454e-01
8.999501103416949199e-01
7.374370200581817913e-01
4.914270057263273594e-01
5.685515870484454393e-01
8.607610299618256855e-01
2.179965721502826748e-01
9.490646173230831151e-01
8.922801692024195930e-01
6.728473112913664345e-01
8.266722101639301101e-01
9.794470916086714940e-01
