8.395905142781026620e-02
4.127474977567840986e-01
2.118094104720747439e-01
6.138587879680523079e-02
4.316272162151748581e-01
1.892561851024071873e-01
9.996471730239263609e-01
1.700224202290418485e-01
4.510928148616605293e-02
3.194437690982427358e-01
8.113774406256063498e-01
6.280052974230251883e-02
2.777037133844766914e-01
1.717340822103375075e-01
9.388549731939208609e-01
6.148189735165140307e-02
2.134253049351489129e-01
3.052310206938317338e-01
7.764684253693824312e-01
1.797198617097484907e-01
2.535053608163487793e-01
4.592825783862936745e-02
1.907898460499904691e-01
3.624216270235245396e-01
1.158860843576551558e-01
3.031924934818999717e-01
4.170681467100070261e-01
3.637059713807554856e-02
3.273328428219900860e-02
1.249457505510735977e-01
4.877989008832325779e-02
8.181546626850812187e-02
4.169695829455085517e-02
2.281170657120499268e-01
7.361964332939592293e-01
3.598742111559771750e-01
7.438386524151521795e-02
4.661250944442101307e-01
1.009596822944119343e-01
4.905078929292378681e-02
2.394332082116126525e-01
4.266533414105428967e-01
7.963051705553926551e-02
9.596472267483792395e-02
9.144104634734849801e-01
4.383916139563107800e-02
1.643796562596455957e-01
8.681197575412352707e-02
7.182850097203333228e-02
2.407152513324819221e-01
9.997969348032996750e-01
1.932322135290911458e-01
9.996727589197444974e-01
3.894795521680430306e-01
8.518373731845151342e-01
8.968113748335362345e-01
7.202721416395009291e-01
6.053466696548236436e-01
6.427848509587977821e-01
9.497304660608539839e-01
8.275765228004839935e-01
8.430963508125226546e-01
1.820338915562225435e-01
8.807313420487379307e-01
9.644594097381755660e-01
6.514059246531213043e-01
8.289144615227884705e-01
9.986069504532513186e-01
3.793487226344110508e-01
9.482520791680564276e-01
9.774244086063010872e-01
3.118115951156558707e-01
6.300748685382749903e-01
4.262022474268076788e-01
8.020873869997375838e-01
9.912836017838689839e-01
7.102157301123351862e-01
4.702087207801828872e-01
9.820117305287746623e-01
2.498708403714926252e-01
1.602604830770825162e-01
9.998601128206368038e-01
9.681688044633615098e-01
9.343402462401757536e-01
5.085322634496164396e-01
8.780018335907268101e-01
8.046773702533500661e-01
6.498029884682740009e-01
7.525089868872328891e-01
9.999454554726115996e-01
2.342785725904067695e-01
7.147137626743372829e-01
6.953308880487509835e-01
8.041847088594833437e-01
8.354013748844520970e-01
5.220584791725236817e-01
5.029738557928497000e-01
7.232956640258895176e-01
9.979439320216575426e-01
4.142511836177287798e-01
