1.849953342266727474e-01
1.220791156950380568e-01
1.207852838906118831e-01
1.228427198403927306e-01
9.455383371057016761e-01
9.166822346179541725e-01
3.093723097092732632e-01
9.361829995226195189e-03
2.275558606560522112e-01
1.893130717333151025e-01
1.697399275907391925e-01
1.204080287687953610e-01
8.265533095424636434e-01
9.178534967365334363e-02
8.516397133853524926e-01
3.987170085802563269e-02
2.916344819751700568e-01
1.510439882291622904e-01
2.708835861206132511e-01
6.273139793134789588e-02
1.450786931187071360e-01
2.209632023867868778e-01
1.217282313852796755e-01
4.457694378057543844e-02
2.213137550071865856e-01
2.223133604043243117e-01
3.785960665615130116e-01
9.805251746415831471e-02
9.844233719438137686e-02
1.150523491565443174e-01
4.122508265626077528e-01
5.835676367684557997e-01
7.013397266013618458e-02
1.849199343658579353e-01
7.390333552177488774e-02
2.900645570659789452e-01
3.640263855704184981e-01
2.808386181157667694e-01
1.038725376964757113e-01
1.818640961211244120e-02
2.285281410319545403e-01
6.809466511043077430e-02
2.028854519380955679e-01
3.156093257834642896e-01
8.909837322693871242e-02
2.237065378900652268e-01
2.562076751182404966e-01
3.695713842753317602e-02
1.410424753662913033e-01
1.568386889026097963e-01
9.317855752250543411e-01
7.358836239715367267e-01
7.833305532340956168e-01
8.592675204480220152e-01
5.865927227599593285e-01
8.451064948208925065e-01
9.096532642508079469e-01
6.675485726775760575e-01
6.507423244513721450e-01
9.565950930866196078e-01
8.962023757547148417e-01
4.227020741532793169e-01
9.773337770985507378e-01
6.752938631771439049e-01
5.098909783464251610e-01
9.794628853660253265e-01
9.524517944614069309e-01
8.125922120926665215e-01
9.021820083108943455e-01
4.216910686020883259e-01
6.252297762673750814e-01
4.783866352525124044e-01
3.509581964924343156e-01
9.847919194818250954e-01
2.575119949449498624e-01
8.466291331986256496e-01
8.244665104725393823e-01
7.249136104500814026e-01
8.390147466707432999e-02
7.632555597005051817e-01
7.534911261321017850e-01
8.903322705379711488e-01
8.931204495929435661e-01
9.624907496946214502e-01
7.666126822281411624e-01
9.547908337114459076e-01
9.955925620260563935e-01
4.095736105911048641e-01
9.809345619056988319e-01
8.975747110840247567e-01
7.353312153409365948e-01
4.907089544743107878e-01
5.643886821784545038e-01
8.609824534894073844e-01
2.190553041848846694e-01
9.477372882778244412e-01
8.910611593715290768e-01
6.731991935626420176e-01
8.274172562558117505e-01
9.788009695636117335e-01
